{
 "cells": [
  {
   "cell_type": "code",
   "execution_count": 1,
   "id": "8b68e86a",
   "metadata": {},
   "outputs": [],
   "source": [
    "import time\n",
    "import numpy as np\n",
    "import pandas as pd\n",
    "import matplotlib.pyplot as plt\n",
    "\n",
    "# JAX-related imports\n",
    "import jax\n",
    "import jax.numpy as jnp\n",
    "from jax_core.simulator.vessels.csad_jax import load_csad_parameters, csad_x_dot\n",
    "from jax_core.utils import rk4_step\n",
    "from jax_core.simulator.waves.wave_spectra_jax import jonswap_spectrum\n",
    "from jax_core.simulator.waves.wave_load_jax_jit import init_wave_load, wave_load\n",
    "\n",
    "# NumPy-related imports\n",
    "from mclsimpy.simulator import CSAD_DP_6DOF\n",
    "from mclsimpy.waves import JONSWAP, WaveLoad"
   ]
  },
  {
   "cell_type": "code",
   "execution_count": 2,
   "id": "975b3e99",
   "metadata": {},
   "outputs": [],
   "source": [
    "# --- Define the JAX simulation function ---\n",
    "def run_jax_simulation(N=100, dt=0.01, simtime=100.0):\n",
    "    \"\"\"\n",
    "    Runs the JAX-based vessel simulation for given parameters.\n",
    "    Returns the elapsed simulation time (excluding warmup).\n",
    "    \"\"\"\n",
    "    # Set the configuration file (correct path)\n",
    "    config_file = \"/home/kmroen/miniconda3/envs/tensor/lib/python3.9/site-packages/mclsimpy/vessel_data/CSAD/vessel_json.json\"\n",
    "    \n",
    "    # Time grid and steps\n",
    "    t_array = jnp.arange(0, simtime, dt)\n",
    "    n_steps = t_array.shape[0]\n",
    "    \n",
    "    # Load vessel parameters and initial conditions\n",
    "    params_jit = load_csad_parameters(config_file)\n",
    "    eta_init = jnp.zeros(6)\n",
    "    nu_init  = jnp.zeros(6)\n",
    "    x = jnp.concatenate([eta_init, nu_init])\n",
    "    \n",
    "    Uc = 0.0\n",
    "    beta_c = 0.0\n",
    "    tau_control = jnp.zeros(6)\n",
    "    \n",
    "    # Define wave parameters\n",
    "    hs = 5.0 / 90.0\n",
    "    tp = 10.0 * jnp.sqrt(1/90)\n",
    "    gamma = 3.3\n",
    "    wp = 2 * jnp.pi / tp\n",
    "    wmin = 0.5 * wp\n",
    "    wmax = 3.0 * wp\n",
    "    wave_freqs = jnp.linspace(wmin, wmax, N)\n",
    "    \n",
    "    omega, wave_spectrum = jonswap_spectrum(wave_freqs, hs, tp, gamma=gamma, freq_hz=False)\n",
    "    dw = (wmax - wmin) / N\n",
    "    wave_amps = jnp.sqrt(2.0 * wave_spectrum * dw)\n",
    "    \n",
    "    key = jax.random.PRNGKey(0)\n",
    "    rand_phase = jax.random.uniform(key, shape=(N,), minval=0, maxval=2*jnp.pi)\n",
    "    wave_angles = jnp.ones(N) * (jnp.pi / 4)\n",
    "    \n",
    "    wl = init_wave_load(\n",
    "         wave_amps=wave_amps,\n",
    "         freqs=wave_freqs,\n",
    "         eps=rand_phase,\n",
    "         angles=wave_angles,\n",
    "         config_file=config_file,\n",
    "         rho=1025,\n",
    "         g=9.81,\n",
    "         dof=6,\n",
    "         depth=100,\n",
    "         deep_water=True,\n",
    "         qtf_method=\"Newman\",\n",
    "         qtf_interp_angles=True,\n",
    "         interpolate=True\n",
    "    )\n",
    "    \n",
    "    # Define the simulation step function for lax.scan\n",
    "    def simulation_step(x, t):\n",
    "         eta = x[:6]\n",
    "         tau_wave = wave_load(t, eta, wl)\n",
    "         tau = tau_control + tau_wave\n",
    "         x_next = rk4_step(x, dt, csad_x_dot, Uc, beta_c, tau, params_jit)\n",
    "         return x_next, x_next\n",
    "    \n",
    "    # Warm-up run to trigger JIT compilation\n",
    "    _ = jax.lax.scan(simulation_step, x, t_array)\n",
    "    \n",
    "    # Now perform the timed simulation\n",
    "    start_time = time.perf_counter()\n",
    "    _, xs = jax.lax.scan(simulation_step, x, t_array)\n",
    "    elapsed = time.perf_counter() - start_time\n",
    "    return elapsed\n"
   ]
  },
  {
   "cell_type": "code",
   "execution_count": 3,
   "id": "a1e11ef5",
   "metadata": {},
   "outputs": [],
   "source": [
    "# --- Define the NumPy simulation function ---\n",
    "def run_numpy_simulation(N=100, dt=0.01, simtime=100):\n",
    "    \"\"\"\n",
    "    Runs the NumPy-based vessel simulation for given parameters.\n",
    "    Returns the elapsed simulation time.\n",
    "    \"\"\"\n",
    "    t = np.arange(0, simtime, dt)\n",
    "    \n",
    "    vessel = CSAD_DP_6DOF(dt=dt, method='RK4')\n",
    "    Uc = 0.0\n",
    "    beta_c = 0.0\n",
    "    tau_control = np.zeros(6, dtype=float)\n",
    "    \n",
    "    hs = 5.0 / 90.0\n",
    "    # Note: The original NumPy code uses 9.0 * sqrt(1/90), here we keep the same pattern.\n",
    "    tp = 9.0 * np.sqrt(1/90)\n",
    "    gamma = 3.3\n",
    "    wp = 2 * np.pi / tp\n",
    "    wmin = 0.5 * wp\n",
    "    wmax = 3.0 * wp\n",
    "    wave_freqs = np.linspace(wmin, wmax, N)\n",
    "    \n",
    "    jonswap = JONSWAP(wave_freqs)\n",
    "    _, wave_spectrum = jonswap(hs=hs, tp=tp, gamma=gamma)\n",
    "    \n",
    "    dw = (wmax - wmin) / N\n",
    "    wave_amps = np.sqrt(2 * wave_spectrum * dw)\n",
    "    \n",
    "    np.random.seed(0)\n",
    "    rand_phase = np.random.uniform(0, 2*np.pi, size=N)\n",
    "    wave_angles = np.ones(N) * np.pi / 4\n",
    "    \n",
    "    waveload = WaveLoad(\n",
    "         wave_amps=wave_amps,\n",
    "         freqs=wave_freqs,\n",
    "         eps=rand_phase,\n",
    "         angles=wave_angles,\n",
    "         config_file=vessel._config_file,\n",
    "         interpolate=True,\n",
    "         qtf_method=\"Newman\",\n",
    "         deep_water=True,\n",
    "    )\n",
    "    \n",
    "    eta_init = np.zeros(6)\n",
    "    nu_init = np.zeros(6)\n",
    "    vessel.set_eta(eta_init)\n",
    "    vessel.set_nu(nu_init)\n",
    "    \n",
    "    start_time = time.perf_counter()\n",
    "    for current_time in t:\n",
    "         tau_wave = waveload(current_time, vessel.get_eta())\n",
    "         tau = tau_control + tau_wave\n",
    "         vessel.integrate(Uc, beta_c, tau)\n",
    "    elapsed = time.perf_counter() - start_time\n",
    "    return elapsed"
   ]
  },
  {
   "cell_type": "code",
   "execution_count": 4,
   "id": "1c423998",
   "metadata": {},
   "outputs": [
    {
     "name": "stdout",
     "output_type": "stream",
     "text": [
      "\n",
      "Running simulation for N=10, dt=1/10s (0.10000s), simtime=15s\n",
      "***************************************Generate QTF matrices****************************************\n",
      "Using Newman\n",
      "\n",
      "***************************************QTF matrices complete.***************************************\n",
      "[[ 0.         -1.04537037 -0.33897704  0.02469493  0.78639533 -0.60997546\n",
      "   0.69885541 -2.15487807 -2.60657475  1.03906283]\n",
      " [ 1.04537037  0.          0.70639333  1.07006531  1.83176571  0.43539492\n",
      "   1.74422578 -1.1095077  -1.56120438  2.0844332 ]\n",
      " [ 0.33897704 -0.70639333  0.          0.36367198  1.12537238 -0.27099841\n",
      "   1.03783245 -1.81590103 -2.26759771  1.37803987]\n",
      " [-0.02469493 -1.07006531 -0.36367198  0.          0.7617004  -0.63467039\n",
      "   0.67416047 -2.17957301 -2.63126969  1.01436789]\n",
      " [-0.78639533 -1.83176571 -1.12537238 -0.7617004   0.         -1.39637079\n",
      "  -0.08753993 -2.94127341 -3.39297009  0.25266749]\n",
      " [ 0.60997546 -0.43539492  0.27099841  0.63467039  1.39637079  0.\n",
      "   1.30883086 -1.54490261 -1.9965993   1.64903828]\n",
      " [-0.69885541 -1.74422578 -1.03783245 -0.67416047  0.08753993 -1.30883086\n",
      "   0.         -2.85373348 -3.30543016  0.34020742]\n",
      " [ 2.15487807  1.1095077   1.81590103  2.17957301  2.94127341  1.54490261\n",
      "   2.85373348  0.         -0.45169668  3.1939409 ]\n",
      " [ 2.60657475  1.56120438  2.26759771  2.63126969  3.39297009  1.9965993\n",
      "   3.30543016  0.45169668  0.          3.64563758]\n",
      " [-1.03906283 -2.0844332  -1.37803987 -1.01436789 -0.25266749 -1.64903828\n",
      "  -0.34020742 -3.1939409  -3.64563758  0.        ]]\n",
      "***************************************Generate QTF matrices****************************************\n",
      "Using Newman\n",
      "\n",
      "***************************************QTF matrices complete.***************************************\n",
      "JAX: 0.0513 s, NumPy: 0.1045 s, Speedup: 2.04\n",
      "\n",
      "Running simulation for N=20, dt=1/20s (0.05000s), simtime=30s\n",
      "***************************************Generate QTF matrices****************************************\n",
      "Using Newman\n",
      "\n",
      "***************************************QTF matrices complete.***************************************\n",
      "[[ 0.         -1.04537037 -0.33897704  0.02469493  0.78639533 -0.60997546\n",
      "   0.69885541 -2.15487807 -2.60657475  1.03906283 -1.52625818  0.12515216\n",
      "  -0.1208323  -2.36739825  3.00196423  2.90084741  3.32126101 -1.78320784\n",
      "  -1.44100612 -2.0181506 ]\n",
      " [ 1.04537037  0.          0.70639333  1.07006531  1.83176571  0.43539492\n",
      "   1.74422578 -1.1095077  -1.56120438  2.0844332  -0.48088781  1.17052253\n",
      "   0.92453808 -1.32202788  4.0473346   3.94621778  4.36663138 -0.73783746\n",
      "  -0.39563575 -0.97278023]\n",
      " [ 0.33897704 -0.70639333  0.          0.36367198  1.12537238 -0.27099841\n",
      "   1.03783245 -1.81590103 -2.26759771  1.37803987 -1.18728114  0.4641292\n",
      "   0.21814475 -2.02842121  3.34094127  3.23982445  3.66023805 -1.44423079\n",
      "  -1.10202908 -1.67917356]\n",
      " [-0.02469493 -1.07006531 -0.36367198  0.          0.7617004  -0.63467039\n",
      "   0.67416047 -2.17957301 -2.63126969  1.01436789 -1.55095312  0.10045722\n",
      "  -0.14552723 -2.39209319  2.97726929  2.87615247  3.29656607 -1.80790277\n",
      "  -1.46570105 -2.04284554]\n",
      " [-0.78639533 -1.83176571 -1.12537238 -0.7617004   0.         -1.39637079\n",
      "  -0.08753993 -2.94127341 -3.39297009  0.25266749 -2.31265352 -0.66124318\n",
      "  -0.90722763 -3.15379359  2.21556889  2.11445207  2.53486567 -2.56960317\n",
      "  -2.22740145 -2.80454594]\n",
      " [ 0.60997546 -0.43539492  0.27099841  0.63467039  1.39637079  0.\n",
      "   1.30883086 -1.54490261 -1.9965993   1.64903828 -0.91628273  0.73512761\n",
      "   0.48914316 -1.7574228   3.61193968  3.51082287  3.93123646 -1.17323238\n",
      "  -0.83103066 -1.40817515]\n",
      " [-0.69885541 -1.74422578 -1.03783245 -0.67416047  0.08753993 -1.30883086\n",
      "   0.         -2.85373348 -3.30543016  0.34020742 -2.22511359 -0.57370325\n",
      "  -0.8196877  -3.06625366  2.30310882  2.201992    2.6224056  -2.48206324\n",
      "  -2.13986153 -2.71700601]\n",
      " [ 2.15487807  1.1095077   1.81590103  2.17957301  2.94127341  1.54490261\n",
      "   2.85373348  0.         -0.45169668  3.1939409   0.62861989  2.28003023\n",
      "   2.03404578 -0.21252018  5.1568423   5.05572548  5.47613908  0.37167024\n",
      "   0.71387195  0.13672747]\n",
      " [ 2.60657475  1.56120438  2.26759771  2.63126969  3.39297009  1.9965993\n",
      "   3.30543016  0.45169668  0.          3.64563758  1.08031657  2.73172691\n",
      "   2.48574246  0.2391765   5.60853898  5.50742216  5.92783576  0.82336692\n",
      "   1.16556863  0.58842415]\n",
      " [-1.03906283 -2.0844332  -1.37803987 -1.01436789 -0.25266749 -1.64903828\n",
      "  -0.34020742 -3.1939409  -3.64563758  0.         -2.56532101 -0.91391067\n",
      "  -1.15989512 -3.40646108  1.9629014   1.86178458  2.28219818 -2.82227066\n",
      "  -2.48006895 -3.05721343]\n",
      " [ 1.52625818  0.48088781  1.18728114  1.55095312  2.31265352  0.91628273\n",
      "   2.22511359 -0.62861989 -1.08031657  2.56532101  0.          1.65141034\n",
      "   1.40542589 -0.84114007  4.52822241  4.42710559  4.84751919 -0.25694965\n",
      "   0.08525206 -0.49189242]\n",
      " [-0.12515216 -1.17052253 -0.4641292  -0.10045722  0.66124318 -0.73512761\n",
      "   0.57370325 -2.28003023 -2.73172691  0.91391067 -1.65141034  0.\n",
      "  -0.24598445 -2.49255041  2.87681207  2.77569525  3.19610885 -1.90835999\n",
      "  -1.56615828 -2.14330276]\n",
      " [ 0.1208323  -0.92453808 -0.21814475  0.14552723  0.90722763 -0.48914316\n",
      "   0.8196877  -2.03404578 -2.48574246  1.15989512 -1.40542589  0.24598445\n",
      "   0.         -2.24656596  3.12279652  3.0216797   3.4420933  -1.66237554\n",
      "  -1.32017382 -1.89731831]\n",
      " [ 2.36739825  1.32202788  2.02842121  2.39209319  3.15379359  1.7574228\n",
      "   3.06625366  0.21252018 -0.2391765   3.40646108  0.84114007  2.49255041\n",
      "   2.24656596  0.          5.36936248  5.26824566  5.68865926  0.58419042\n",
      "   0.92639213  0.34924765]\n",
      " [-3.00196423 -4.0473346  -3.34094127 -2.97726929 -2.21556889 -3.61193968\n",
      "  -2.30310882 -5.1568423  -5.60853898 -1.9629014  -4.52822241 -2.87681207\n",
      "  -3.12279652 -5.36936248  0.         -0.10111682  0.31929678 -4.78517206\n",
      "  -4.44297035 -5.02011483]\n",
      " [-2.90084741 -3.94621778 -3.23982445 -2.87615247 -2.11445207 -3.51082287\n",
      "  -2.201992   -5.05572548 -5.50742216 -1.86178458 -4.42710559 -2.77569525\n",
      "  -3.0216797  -5.26824566  0.10111682  0.          0.4204136  -4.68405524\n",
      "  -4.34185353 -4.91899801]\n",
      " [-3.32126101 -4.36663138 -3.66023805 -3.29656607 -2.53486567 -3.93123646\n",
      "  -2.6224056  -5.47613908 -5.92783576 -2.28219818 -4.84751919 -3.19610885\n",
      "  -3.4420933  -5.68865926 -0.31929678 -0.4204136   0.         -5.10446884\n",
      "  -4.76226713 -5.33941161]\n",
      " [ 1.78320784  0.73783746  1.44423079  1.80790277  2.56960317  1.17323238\n",
      "   2.48206324 -0.37167024 -0.82336692  2.82227066  0.25694965  1.90835999\n",
      "   1.66237554 -0.58419042  4.78517206  4.68405524  5.10446884  0.\n",
      "   0.34220172 -0.23494277]\n",
      " [ 1.44100612  0.39563575  1.10202908  1.46570105  2.22740145  0.83103066\n",
      "   2.13986153 -0.71387195 -1.16556863  2.48006895 -0.08525206  1.56615828\n",
      "   1.32017382 -0.92639213  4.44297035  4.34185353  4.76226713 -0.34220172\n",
      "   0.         -0.57714448]\n",
      " [ 2.0181506   0.97278023  1.67917356  2.04284554  2.80454594  1.40817515\n",
      "   2.71700601 -0.13672747 -0.58842415  3.05721343  0.49189242  2.14330276\n",
      "   1.89731831 -0.34924765  5.02011483  4.91899801  5.33941161  0.23494277\n",
      "   0.57714448  0.        ]]\n",
      "***************************************Generate QTF matrices****************************************\n",
      "Using Newman\n",
      "\n",
      "***************************************QTF matrices complete.***************************************\n",
      "JAX: 0.0771 s, NumPy: 0.4463 s, Speedup: 5.79\n",
      "\n",
      "Running simulation for N=40, dt=1/40s (0.02500s), simtime=60s\n",
      "***************************************Generate QTF matrices****************************************\n",
      "Using Newman\n",
      "\n",
      "***************************************QTF matrices complete.***************************************\n",
      "[[ 0.         -1.04537037 -0.33897704 ... -0.42801368 -2.48144712\n",
      "  -0.83570634]\n",
      " [ 1.04537037  0.          0.70639333 ...  0.61735669 -1.43607674\n",
      "   0.20966403]\n",
      " [ 0.33897704 -0.70639333  0.         ... -0.08903664 -2.14247007\n",
      "  -0.4967293 ]\n",
      " ...\n",
      " [ 0.42801368 -0.61735669  0.08903664 ...  0.         -2.05343344\n",
      "  -0.40769266]\n",
      " [ 2.48144712  1.43607674  2.14247007 ...  2.05343344  0.\n",
      "   1.64574078]\n",
      " [ 0.83570634 -0.20966403  0.4967293  ...  0.40769266 -1.64574078\n",
      "   0.        ]]\n",
      "***************************************Generate QTF matrices****************************************\n",
      "Using Newman\n",
      "\n",
      "***************************************QTF matrices complete.***************************************\n",
      "JAX: 0.2490 s, NumPy: 2.5840 s, Speedup: 10.38\n",
      "\n",
      "Running simulation for N=80, dt=1/80s (0.01250s), simtime=120s\n",
      "***************************************Generate QTF matrices****************************************\n",
      "Using Newman\n",
      "\n",
      "***************************************QTF matrices complete.***************************************\n",
      "[[ 0.         -1.04537037 -0.33897704 ...  2.69307968  1.58759321\n",
      "   2.70230868]\n",
      " [ 1.04537037  0.          0.70639333 ...  3.73845005  2.63296358\n",
      "   3.74767906]\n",
      " [ 0.33897704 -0.70639333  0.         ...  3.03205672  1.92657025\n",
      "   3.04128573]\n",
      " ...\n",
      " [-2.69307968 -3.73845005 -3.03205672 ...  0.         -1.10548647\n",
      "   0.00922901]\n",
      " [-1.58759321 -2.63296358 -1.92657025 ...  1.10548647  0.\n",
      "   1.11471548]\n",
      " [-2.70230868 -3.74767906 -3.04128573 ... -0.00922901 -1.11471548\n",
      "   0.        ]]\n",
      "***************************************Generate QTF matrices****************************************\n",
      "Using Newman\n",
      "\n",
      "***************************************QTF matrices complete.***************************************\n",
      "JAX: 1.0267 s, NumPy: 35.3257 s, Speedup: 34.41\n",
      "\n",
      "Running simulation for N=160, dt=1/160s (0.00625s), simtime=240s\n",
      "***************************************Generate QTF matrices****************************************\n",
      "Using Newman\n",
      "\n",
      "***************************************QTF matrices complete.***************************************\n",
      "[[ 0.         -1.04537037 -0.33897704 ... -0.12746845  0.88988883\n",
      "   3.01370789]\n",
      " [ 1.04537037  0.          0.70639333 ...  0.91790192  1.93525921\n",
      "   4.05907827]\n",
      " [ 0.33897704 -0.70639333  0.         ...  0.21150859  1.22886588\n",
      "   3.35268494]\n",
      " ...\n",
      " [ 0.12746845 -0.91790192 -0.21150859 ...  0.          1.01735729\n",
      "   3.14117635]\n",
      " [-0.88988883 -1.93525921 -1.22886588 ... -1.01735729  0.\n",
      "   2.12381906]\n",
      " [-3.01370789 -4.05907827 -3.35268494 ... -3.14117635 -2.12381906\n",
      "   0.        ]]\n",
      "***************************************Generate QTF matrices****************************************\n",
      "Using Newman\n",
      "\n",
      "***************************************QTF matrices complete.***************************************\n"
     ]
    },
    {
     "ename": "KeyboardInterrupt",
     "evalue": "",
     "output_type": "error",
     "traceback": [
      "\u001b[0;31m---------------------------------------------------------------------------\u001b[0m",
      "\u001b[0;31mKeyboardInterrupt\u001b[0m                         Traceback (most recent call last)",
      "Cell \u001b[0;32mIn[4], line 17\u001b[0m\n\u001b[1;32m     15\u001b[0m jax_time \u001b[38;5;241m=\u001b[39m run_jax_simulation(N\u001b[38;5;241m=\u001b[39mN, dt\u001b[38;5;241m=\u001b[39mdt, simtime\u001b[38;5;241m=\u001b[39msimtime)\n\u001b[1;32m     16\u001b[0m \u001b[38;5;66;03m# Run NumPy simulation timing\u001b[39;00m\n\u001b[0;32m---> 17\u001b[0m numpy_time \u001b[38;5;241m=\u001b[39m \u001b[43mrun_numpy_simulation\u001b[49m\u001b[43m(\u001b[49m\u001b[43mN\u001b[49m\u001b[38;5;241;43m=\u001b[39;49m\u001b[43mN\u001b[49m\u001b[43m,\u001b[49m\u001b[43m \u001b[49m\u001b[43mdt\u001b[49m\u001b[38;5;241;43m=\u001b[39;49m\u001b[43mdt\u001b[49m\u001b[43m,\u001b[49m\u001b[43m \u001b[49m\u001b[43msimtime\u001b[49m\u001b[38;5;241;43m=\u001b[39;49m\u001b[43msimtime\u001b[49m\u001b[43m)\u001b[49m\n\u001b[1;32m     19\u001b[0m speedup \u001b[38;5;241m=\u001b[39m numpy_time \u001b[38;5;241m/\u001b[39m jax_time \u001b[38;5;28;01mif\u001b[39;00m jax_time \u001b[38;5;241m>\u001b[39m \u001b[38;5;241m0\u001b[39m \u001b[38;5;28;01melse\u001b[39;00m np\u001b[38;5;241m.\u001b[39mnan\n\u001b[1;32m     20\u001b[0m results\u001b[38;5;241m.\u001b[39mappend({\n\u001b[1;32m     21\u001b[0m     \u001b[38;5;124m\"\u001b[39m\u001b[38;5;124mN\u001b[39m\u001b[38;5;124m\"\u001b[39m: N,\n\u001b[1;32m     22\u001b[0m     \u001b[38;5;124m\"\u001b[39m\u001b[38;5;124mdt (s)\u001b[39m\u001b[38;5;124m\"\u001b[39m: dt,\n\u001b[0;32m   (...)\u001b[0m\n\u001b[1;32m     26\u001b[0m     \u001b[38;5;124m\"\u001b[39m\u001b[38;5;124mSpeedup (NumPy/JAX)\u001b[39m\u001b[38;5;124m\"\u001b[39m: speedup\n\u001b[1;32m     27\u001b[0m })\n",
      "Cell \u001b[0;32mIn[3], line 51\u001b[0m, in \u001b[0;36mrun_numpy_simulation\u001b[0;34m(N, dt, simtime)\u001b[0m\n\u001b[1;32m     49\u001b[0m start_time \u001b[38;5;241m=\u001b[39m time\u001b[38;5;241m.\u001b[39mperf_counter()\n\u001b[1;32m     50\u001b[0m \u001b[38;5;28;01mfor\u001b[39;00m current_time \u001b[38;5;129;01min\u001b[39;00m t:\n\u001b[0;32m---> 51\u001b[0m      tau_wave \u001b[38;5;241m=\u001b[39m \u001b[43mwaveload\u001b[49m\u001b[43m(\u001b[49m\u001b[43mcurrent_time\u001b[49m\u001b[43m,\u001b[49m\u001b[43m \u001b[49m\u001b[43mvessel\u001b[49m\u001b[38;5;241;43m.\u001b[39;49m\u001b[43mget_eta\u001b[49m\u001b[43m(\u001b[49m\u001b[43m)\u001b[49m\u001b[43m)\u001b[49m\n\u001b[1;32m     52\u001b[0m      tau \u001b[38;5;241m=\u001b[39m tau_control \u001b[38;5;241m+\u001b[39m tau_wave\n\u001b[1;32m     53\u001b[0m      vessel\u001b[38;5;241m.\u001b[39mintegrate(Uc, beta_c, tau)\n",
      "File \u001b[0;32m~/miniconda3/envs/tensor/lib/python3.9/site-packages/mclsimpy/waves/wave_loads.py:148\u001b[0m, in \u001b[0;36mWaveLoad.__call__\u001b[0;34m(self, time, eta)\u001b[0m\n\u001b[1;32m    146\u001b[0m \u001b[38;5;250m\u001b[39m\u001b[38;5;124;03m\"\"\"Calculate first- and second-order wave loads.\"\"\"\u001b[39;00m\n\u001b[1;32m    147\u001b[0m tau_wf \u001b[38;5;241m=\u001b[39m \u001b[38;5;28mself\u001b[39m\u001b[38;5;241m.\u001b[39mfirst_order_loads(time, eta)\n\u001b[0;32m--> 148\u001b[0m tau_sv \u001b[38;5;241m=\u001b[39m \u001b[38;5;28;43mself\u001b[39;49m\u001b[38;5;241;43m.\u001b[39;49m\u001b[43msecond_order_loads\u001b[49m\u001b[43m(\u001b[49m\u001b[43mtime\u001b[49m\u001b[43m,\u001b[49m\u001b[43m \u001b[49m\u001b[43meta\u001b[49m\u001b[43m[\u001b[49m\u001b[38;5;241;43m-\u001b[39;49m\u001b[38;5;241;43m1\u001b[39;49m\u001b[43m]\u001b[49m\u001b[43m)\u001b[49m \u001b[38;5;66;03m#SUPER WRONG with -2 changed therefor to -1!!!!!\u001b[39;00m\n\u001b[1;32m    149\u001b[0m \u001b[38;5;28;01mreturn\u001b[39;00m tau_wf \u001b[38;5;241m+\u001b[39m tau_sv\n",
      "File \u001b[0;32m~/miniconda3/envs/tensor/lib/python3.9/site-packages/mclsimpy/waves/wave_loads.py:251\u001b[0m, in \u001b[0;36mWaveLoad.second_order_loads\u001b[0;34m(self, t, heading)\u001b[0m\n\u001b[1;32m    248\u001b[0m Q \u001b[38;5;241m=\u001b[39m \u001b[38;5;28mself\u001b[39m\u001b[38;5;241m.\u001b[39m_Q[:, heading_index, :, :]\n\u001b[1;32m    249\u001b[0m \u001b[38;5;66;03m# print(Q.shape)\u001b[39;00m\n\u001b[0;32m--> 251\u001b[0m tau_sv \u001b[38;5;241m=\u001b[39m np\u001b[38;5;241m.\u001b[39mreal(\u001b[38;5;28;43mself\u001b[39;49m\u001b[38;5;241;43m.\u001b[39;49m\u001b[43m_amp\u001b[49m\u001b[38;5;241;43m@\u001b[39;49m\u001b[43m(\u001b[49m\u001b[43mQ\u001b[49m\u001b[38;5;241;43m*\u001b[39;49m\u001b[43mnp\u001b[49m\u001b[38;5;241;43m.\u001b[39;49m\u001b[43mexp\u001b[49m\u001b[43m(\u001b[49m\u001b[38;5;28;43mself\u001b[39;49m\u001b[38;5;241;43m.\u001b[39;49m\u001b[43m_W\u001b[49m\u001b[38;5;241;43m*\u001b[39;49m\u001b[43m(\u001b[49m\u001b[38;5;241;43m1\u001b[39;49m\u001b[43mj\u001b[49m\u001b[38;5;241;43m*\u001b[39;49m\u001b[43mt\u001b[49m\u001b[43m)\u001b[49m\u001b[43m \u001b[49m\u001b[38;5;241;43m-\u001b[39;49m\u001b[43m \u001b[49m\u001b[38;5;241;43m1\u001b[39;49m\u001b[43mj\u001b[49m\u001b[38;5;241;43m*\u001b[39;49m\u001b[38;5;28;43mself\u001b[39;49m\u001b[38;5;241;43m.\u001b[39;49m\u001b[43m_P\u001b[49m\u001b[43m)\u001b[49m\u001b[43m)\u001b[49m\u001b[38;5;129m@self\u001b[39m\u001b[38;5;241m.\u001b[39m_amp)\n\u001b[1;32m    253\u001b[0m \u001b[38;5;28;01mreturn\u001b[39;00m tau_sv\n",
      "\u001b[0;31mKeyboardInterrupt\u001b[0m: "
     ]
    }
   ],
   "source": [
    "# Define the parameter arrays:\n",
    "# Sampling frequencies and corresponding dt values (in seconds)\n",
    "freqs = [10, 20, 40, 80, 160, 320]    # in Hz\n",
    "dts = [1/f for f in freqs]\n",
    "# The number of wave components is set to the same values as the frequencies.\n",
    "Ns = freqs[:]  \n",
    "# Total simulation times for each test case\n",
    "simtimes = [15, 30, 60, 120, 240, 480]\n",
    "\n",
    "results = []\n",
    "for N, dt, simtime in zip(Ns, dts, simtimes):\n",
    "    print(f\"\\nRunning simulation for N={N}, dt=1/{int(1/dt)}s ({dt:.5f}s), simtime={simtime}s\")\n",
    "    \n",
    "    # Run JAX simulation timing\n",
    "    jax_time = run_jax_simulation(N=N, dt=dt, simtime=simtime)\n",
    "    # Run NumPy simulation timing\n",
    "    numpy_time = run_numpy_simulation(N=N, dt=dt, simtime=simtime)\n",
    "    \n",
    "    speedup = numpy_time / jax_time if jax_time > 0 else np.nan\n",
    "    results.append({\n",
    "        \"N\": N,\n",
    "        \"dt (s)\": dt,\n",
    "        \"simtime (s)\": simtime,\n",
    "        \"JAX_time (s)\": jax_time,\n",
    "        \"NumPy_time (s)\": numpy_time,\n",
    "        \"Speedup (NumPy/JAX)\": speedup\n",
    "    })\n",
    "    print(f\"JAX: {jax_time:.4f} s, NumPy: {numpy_time:.4f} s, Speedup: {speedup:.2f}\")"
   ]
  },
  {
   "cell_type": "code",
   "execution_count": null,
   "id": "f4fa95d4",
   "metadata": {},
   "outputs": [],
   "source": [
    "# Convert the results into a DataFrame\n",
    "results_df = pd.DataFrame(results)\n",
    "print(\"\\nBenchmark Results:\")\n",
    "print(results_df)"
   ]
  },
  {
   "cell_type": "code",
   "execution_count": null,
   "id": "183c04f3",
   "metadata": {},
   "outputs": [],
   "source": [
    "# --- Visualization ---\n",
    "# Select a style from a list of candidates based on what's available\n",
    "candidate_styles = ['seaborn-whitegrid', 'seaborn', 'ggplot', 'classic', 'default']\n",
    "style_to_use = next((s for s in candidate_styles if s in plt.style.available), 'default')\n",
    "plt.style.use(style_to_use)\n",
    "print(f\"Using style: {style_to_use}\")\n",
    "\n",
    "# Plot raw simulation times for both JAX and NumPy as a function of frequency (Hz)\n",
    "fig, ax = plt.subplots(figsize=(10, 6))\n",
    "ax.plot(results_df[\"N\"], results_df[\"JAX_time (s)\"], marker='o', label='JAX Simulation Time')\n",
    "ax.plot(results_df[\"N\"], results_df[\"NumPy_time (s)\"], marker='s', label='NumPy Simulation Time')\n",
    "ax.set_xlabel(\"Sampling Frequency & Wave Components (Hz)\", fontsize=12)\n",
    "ax.set_ylabel(\"Simulation Time (s)\", fontsize=12)\n",
    "ax.set_title(\"Simulation Runtime Comparison\", fontsize=14)\n",
    "ax.legend(fontsize=12)\n",
    "ax.grid(True)\n",
    "\n",
    "# Plot speedup (NumPy_time / JAX_time) vs. Sampling Frequency/Wave Components\n",
    "fig2, ax2 = plt.subplots(figsize=(10, 6))\n",
    "ax2.plot(results_df[\"N\"], results_df[\"Speedup (NumPy/JAX)\"], marker='o', color='tab:purple')\n",
    "ax2.set_xlabel(\"Sampling Frequency & Wave Components (Hz)\", fontsize=12)\n",
    "ax2.set_ylabel(\"Speedup (NumPy_time / JAX_time)\", fontsize=12)\n",
    "ax2.set_title(\"Speedup of JAX Over NumPy\", fontsize=14)\n",
    "ax2.grid(True)\n",
    "\n",
    "plt.tight_layout()\n",
    "plt.show()"
   ]
  }
 ],
 "metadata": {
  "kernelspec": {
   "display_name": "tensor",
   "language": "python",
   "name": "python3"
  },
  "language_info": {
   "codemirror_mode": {
    "name": "ipython",
    "version": 3
   },
   "file_extension": ".py",
   "mimetype": "text/x-python",
   "name": "python",
   "nbconvert_exporter": "python",
   "pygments_lexer": "ipython3",
   "version": "3.9.21"
  }
 },
 "nbformat": 4,
 "nbformat_minor": 5
}
